# Stimulus Pulse Onset Times (s)
48.971786
52.815399
55.257995
58.062261
61.047113
63.360653
66.405800
68.942421
71.930472
74.144988
76.597717
79.572969
82.030297
86.145455
89.459812
91.645363
95.064511
98.969353
102.926223
106.761170
109.024515
111.278527
114.472961
116.877127
119.364353
121.811382
125.620532
128.205883
131.196334
134.701175
138.081427
140.514157
143.550204
145.720023
149.787684
152.538922
155.850979
158.080793
161.165536
163.490709
167.378452
171.211799
174.975152
178.664611
181.720557
184.353904
188.318940
191.939605
194.543621
197.879377
201.045846
204.242980
206.863728
210.522756
212.814699
215.556070
219.060712
222.048663
224.678877
228.211349
232.134689
235.358020
239.130472
242.940255
246.571186
249.725856
252.545588
255.089043
259.055879
262.859428
265.455579
269.360820
271.915574
274.422098
278.422165
281.790417
285.623265
288.645613
290.876727
293.402083
297.371119
299.626364
302.421132
305.396350
309.046613
312.969453
315.575502
317.783318
320.257679
323.340122
326.590251
330.083793
333.228364
336.195484
339.927739
344.066628
348.125656
351.353921
355.307291
358.914124
362.162886
364.645713
368.606483
371.815315
374.198150
378.254012
380.833364
384.255412
388.255779
392.277710
396.281477
399.267194
401.666161
405.582701
408.486259
412.280710
415.210966
418.781802
421.776552
424.703508
428.077860
430.312474
433.674427
437.413682
440.046996
443.047346
446.281410
449.486043
452.831497
456.608849
459.487109
461.800017
465.088176
469.255429
472.981985
475.580835
477.910441
481.606933
484.814465
487.777519
491.474977
494.468794
497.107341
500.923890
503.702958
507.678593
511.672061
514.050496
516.790334
520.102191
523.458912
525.645363
529.107908
532.007466
535.774119
538.122956
542.057595
545.364253
547.549371
551.468544
554.426164
557.932439
561.540672
564.712707
567.377952
569.836314
572.508924
575.453979
578.771136
582.924590
585.835047
588.517790
590.892692
593.458045
596.464195
599.600233
603.320290
607.136639
611.089409
613.960237
617.477010
620.678643
624.101592
626.927623
629.903575
633.334022
637.225365
639.706524
642.718273
646.419298
648.798467
652.428098
655.014049
658.392701
660.692709
664.777869
667.057412
670.141555
673.578835
676.848163
679.484176
682.326539
686.066394
689.281827
692.955387
696.131656
699.882676
702.855129
705.669194
707.945805
711.895875
715.724323
719.162170
722.343505
725.735655
729.524240
733.037680
735.588634
739.388984
741.934905
745.484543
748.196217
750.566219
754.100158
757.946338
760.372269
763.064911
766.915390
771.030614
773.698058
777.367019
779.705658
782.146488
784.340638
786.667944
790.263911
793.403050
796.723506
800.184751
802.933789
806.860562
810.331906
813.745655
816.923390
820.113324
823.624998
826.706541
829.857412
833.783151
837.690192
841.261362
844.105491
847.760753
850.676510
853.298625
855.891176
858.417199
861.931872
865.030914
867.336022
870.133556
873.832047
877.906374
881.739422
884.127989
886.855129
890.867561
893.674727
895.882676
898.296575
901.257429
904.632381
907.708324
911.711591
914.802433
918.965786
921.942138
925.666794
928.523923
931.543571
935.125406
938.085960
940.993117
943.680960
946.862895
951.021648
953.305191
955.966236
960.023798
963.143038
965.515474
969.106308
972.937555
976.710841
979.278760
983.447446
985.842846
988.371702
991.322256
993.595967
997.344921
1001.365286
1004.046929
1006.279077
1009.232297
1011.967736
1015.945405
1018.491826
1021.148171
1024.770136
1028.609883
1031.203500
1034.776069
1037.625231
1040.537255
1043.633297
1045.969436
1049.950604
1052.245846
1056.052362
1058.629214
1061.373652
1065.261728
1069.182168
1071.869011
1074.190951
1076.877594
1079.127306
1082.326473
1085.181502
1087.575735
1090.438463
1093.203233
1097.080777
1100.959920
1104.674577
1107.765620
1110.132489
1113.175202
1116.769569
1119.437714
1122.796867
1125.726189
1128.266411
1131.751287
1135.845646
1139.325990
1141.786218
1144.846263
1148.437430
1151.501475
1155.338322
1158.673077
1161.826614
1165.725290
1169.105008
1171.468378
1174.645313
1178.639447
1182.507724
1185.037747
1188.930222
1191.436947
1193.741288
1197.828348
1200.012166
1203.146738
1206.377269
1209.360020
1212.291042
1216.205616
1218.533756
1221.641897
1223.912007
1228.082793
1231.451046
1235.558770
1239.265261
1242.533689
1245.567236
1248.564486
1252.669144
1256.042596
1259.385818
1262.746671
1265.368519
1268.350571
1270.674110
1273.699058
1276.197184
1279.003116
1283.010849
1286.338438
1290.091592
1292.893326
1296.668378
1300.282410
1303.825781
1307.790317
1310.321173
1314.432731
1317.801783
1320.551621
1323.141272
1325.542571
1329.532039
1333.586901
1336.524056
1338.865995
1342.045730
1345.845280
1349.458945
1353.470411
1356.514257
1360.447896
1364.134955
1366.386968
1370.243346
1372.791867
1376.052929
1378.733772
1381.577902
1383.829014
1386.333372
1390.123823
1392.943255
1395.365020
1399.288159
1402.468994
1406.519257
1410.685610
1413.099575
1416.170119
1419.048146
1422.644213
1426.009933
1428.617282
1431.485543
1434.093159
1436.754304
1440.535955
1443.837314
1446.597650
1450.040497
1454.041263
1457.753587
1461.346754
1465.472011
1468.039163
1470.455595
1474.360470
1476.999483
1479.898008
1483.574002
1486.337505
1489.986768
1492.736005
1495.478743
1499.143505
1502.814865
1505.624498
1509.451346
1511.811782
1515.857845
1519.977202
1523.478077
1526.045296
1528.951821
1531.264961
1534.930622
1538.466861
1540.871227
1544.970852
1548.593717
1552.640980
1554.898425
1557.460745
1560.137989
1563.965870
1566.230781
1568.493926
1571.720057
1574.234280
1578.353971
1581.860112
1585.175735
1589.176102
1591.467144
1594.624181
1598.021832
1601.267894
1603.488209
1607.644163
1611.713124
1615.765186
1619.161070
1622.684310
1626.366436
1630.120190
1633.596767
1636.639080
1639.522240
1642.737372
1646.297942
1649.534705
1653.207933
1655.678593
1659.351121
1663.163970
1665.982635
1669.313257
1672.378902
1676.482893
1679.465811
1681.905741
1684.136489
1688.136455
1691.599300
1694.993917
1697.203366
1701.274127
1703.611666
1706.148821
1709.576169
1712.072094
1716.156854
1719.773386
1722.930856
1725.696392
1728.319540
1731.408983
1733.952304
1737.991467
1740.344905
1743.961370
1747.704791
1751.431647
1755.503108
1758.035964
1762.012599
1764.392167
1767.090676
1770.762436
1773.944205
1776.641513
1780.714474
1783.066111
1785.462545
1788.223281
1791.767553
1794.918190
1797.569836
1800.538188
1804.066228
1807.554270
1810.658712
1813.665561
1816.023098
1818.812232
1821.215965
1824.668511
1827.377352
1830.767003
1833.891742
1837.560703
1839.796450
1842.350371
1846.186818
1849.175969
1852.398233
1855.109874
1857.407983
1860.538422
1863.869378
1866.897025
1869.258162
1871.801917
1874.833764
1877.156870
1881.043646
1885.021682
1887.280227
1891.216499
1894.518223
1898.487593
1901.699258
1904.469361
1907.546404
1909.822248
1912.058362
1914.983918
1917.538772
1921.257095
1923.788651
1927.627098
1930.481660
1933.355687
1937.226431
1941.370519
1944.889459
