# Sync Pulse Onset Times (s)
0.197950
1.197967
2.197984
3.197967
4.197984
5.197967
6.197984
7.197967
8.197984
9.197967
10.197984
11.197967
12.197984
13.197967
14.197984
15.197967
16.197984
17.197967
18.197984
19.197967
20.197984
21.198000
22.197984
23.198000
24.197984
25.198000
26.197984
27.198000
28.197984
29.198000
30.197984
31.198000
32.197984
33.198000
34.197984
35.198000
36.197984
37.198000
38.197984
39.198000
40.197984
41.198000
42.198017
43.198000
44.198017
45.198000
46.198017
47.198000
48.198017
49.198000
50.198017
51.198000
52.198017
53.198000
54.198017
55.198000
56.198017
57.198000
58.198017
59.198000
60.198017
61.198033
62.198017
63.198033
64.198017
65.198033
66.198017
67.198033
68.198017
69.198033
70.198017
71.198033
72.198017
73.198033
74.198017
75.198033
76.198017
77.198033
78.198017
79.198033
80.198050
81.198033
82.198050
83.198033
84.198050
85.198033
86.198050
87.198033
88.198050
89.198033
90.198050
91.198033
92.198050
93.198033
94.198050
95.198033
96.198050
97.198033
98.198050
99.198033
100.198050
101.198067
102.198050
103.198067
104.198050
105.198067
106.198050
107.198067
108.198050
109.198067
110.198050
111.198067
112.198050
113.198067
114.198050
115.198067
116.198050
117.198067
118.198050
119.198067
120.198083
121.198067
122.198083
123.198067
124.198083
125.198067
126.198083
127.198067
128.198083
129.198067
130.198083
131.198067
132.198083
133.198067
134.198083
135.198067
136.198083
137.198067
138.198083
139.198100
140.198083
141.198100
142.198083
143.198100
144.198083
145.198100
146.198083
147.198100
148.198083
149.198100
150.198083
151.198100
152.198083
153.198100
154.198083
155.198100
156.198083
157.198100
158.198117
159.198100
160.198117
161.198100
162.198117
163.198100
164.198117
165.198100
166.198117
167.198100
168.198117
169.198100
170.198117
171.198100
172.198117
173.198100
174.198117
175.198100
176.198117
177.198100
178.198117
179.198133
180.198117
181.198133
182.198117
183.198133
184.198117
185.198133
186.198117
187.198133
188.198117
189.198133
190.198117
191.198133
192.198117
193.198133
194.198117
195.198133
196.198117
197.198133
198.198150
199.198133
200.198150
201.198133
202.198150
203.198133
204.198150
205.198133
206.198150
207.198133
208.198150
209.198133
210.198150
211.198133
212.198150
213.198133
214.198150
215.198133
216.198150
217.198167
218.198150
219.198167
220.198150
221.198167
222.198150
223.198167
224.198150
225.198167
226.198150
227.198167
228.198150
229.198167
230.198150
231.198167
232.198150
233.198167
234.198150
235.198167
236.198150
237.198167
238.198183
239.198167
240.198183
241.198167
242.198183
243.198167
244.198183
245.198167
246.198183
247.198167
248.198183
249.198167
250.198183
251.198167
252.198183
253.198167
254.198183
255.198167
256.198183
257.198200
258.198183
259.198200
260.198183
261.198200
262.198183
263.198200
264.198183
265.198200
266.198183
267.198200
268.198183
269.198200
270.198183
271.198200
272.198183
273.198200
274.198183
275.198200
276.198217
277.198200
278.198217
279.198200
280.198217
281.198200
282.198217
283.198200
284.198217
285.198200
286.198217
287.198200
288.198217
289.198200
290.198217
291.198200
292.198217
293.198200
294.198217
295.198233
296.198217
297.198233
298.198217
299.198233
300.198217
301.198233
302.198217
303.198233
304.198217
305.198233
306.198217
307.198233
308.198217
309.198233
310.198217
311.198233
312.198217
313.198233
314.198250
315.198233
316.198250
317.198233
318.198250
319.198233
320.198250
321.198233
322.198250
323.198233
324.198250
325.198233
326.198250
327.198233
328.198250
329.198233
330.198250
331.198233
332.198250
333.198267
334.198250
335.198267
336.198250
337.198267
338.198250
339.198267
340.198250
341.198267
342.198250
343.198267
344.198250
345.198267
346.198250
347.198267
348.198250
349.198267
350.198250
351.198267
352.198283
353.198267
354.198283
355.198267
356.198283
357.198267
358.198283
359.198267
360.198283
361.198267
362.198283
363.198267
364.198283
365.198267
366.198283
367.198267
368.198283
369.198267
370.198283
371.198300
372.198283
373.198300
374.198283
375.198300
376.198283
377.198300
378.198283
379.198300
380.198283
381.198300
382.198283
383.198300
384.198283
385.198300
386.198283
387.198300
388.198317
389.198300
390.198317
391.198300
392.198317
393.198300
394.198317
395.198300
396.198317
397.198300
398.198317
399.198300
400.198317
401.198300
402.198317
403.198300
404.198317
405.198300
406.198317
407.198333
408.198317
409.198333
410.198317
411.198333
412.198317
413.198333
414.198317
415.198333
416.198317
417.198333
418.198317
419.198333
420.198317
421.198333
422.198317
423.198333
424.198317
425.198333
426.198350
427.198333
428.198350
429.198333
430.198350
431.198333
432.198350
433.198333
434.198350
435.198333
436.198350
437.198333
438.198350
439.198333
440.198350
441.198333
442.198350
443.198333
444.198350
445.198367
446.198350
447.198367
448.198350
449.198367
450.198350
451.198367
452.198350
453.198367
454.198350
455.198367
456.198350
457.198367
458.198350
459.198367
460.198350
461.198367
462.198383
463.198367
464.198383
465.198367
466.198383
467.198367
468.198383
469.198367
470.198383
471.198367
472.198383
473.198367
474.198383
475.198367
476.198383
477.198367
478.198383
479.198367
480.198383
481.198400
482.198383
483.198400
484.198383
485.198400
486.198383
487.198400
488.198383
489.198400
490.198383
491.198400
492.198383
493.198400
494.198383
495.198400
496.198383
497.198400
498.198383
499.198400
500.198417
501.198400
502.198417
503.198400
504.198417
505.198400
506.198417
507.198400
508.198417
509.198400
510.198417
511.198400
512.198417
513.198400
514.198417
515.198400
516.198417
517.198400
518.198417
519.198433
520.198417
521.198433
522.198417
523.198433
524.198417
525.198433
526.198417
527.198433
528.198417
529.198433
530.198417
531.198433
532.198417
533.198433
534.198417
535.198433
536.198417
537.198433
538.198450
539.198433
540.198450
541.198433
542.198450
543.198433
544.198450
545.198433
546.198450
547.198433
548.198450
549.198433
550.198450
551.198433
552.198450
553.198433
554.198450
555.198433
556.198450
557.198467
558.198450
559.198467
560.198450
561.198467
562.198450
563.198467
564.198450
565.198467
566.198450
567.198467
568.198450
569.198467
570.198450
571.198467
572.198450
573.198467
574.198450
575.198467
576.198483
577.198467
578.198483
579.198467
580.198483
581.198467
582.198483
583.198467
584.198483
585.198467
586.198483
587.198467
588.198483
589.198467
590.198483
591.198467
592.198483
593.198467
594.198483
595.198500
596.198483
597.198500
598.198483
599.198500
600.198483
601.198500
602.198483
603.198500
604.198483
605.198500
606.198483
607.198500
608.198483
609.198500
610.198483
611.198500
612.198483
613.198500
614.198517
615.198500
616.198517
617.198500
618.198517
619.198500
620.198517
621.198500
622.198517
623.198500
624.198517
625.198500
626.198517
627.198500
628.198517
629.198500
630.198517
631.198500
632.198517
633.198533
634.198517
635.198533
636.198517
637.198533
638.198517
639.198533
640.198517
641.198533
642.198517
643.198533
644.198517
645.198533
646.198517
647.198533
648.198517
649.198533
650.198550
651.198533
652.198550
653.198533
654.198550
655.198533
656.198550
657.198533
658.198550
659.198533
660.198550
661.198533
662.198550
663.198533
664.198550
665.198533
666.198550
667.198533
668.198550
669.198533
670.198550
671.198567
672.198550
673.198567
674.198550
675.198567
676.198550
677.198567
678.198550
679.198567
680.198550
681.198567
682.198550
683.198567
684.198550
685.198567
686.198550
687.198567
688.198550
689.198567
690.198583
691.198567
692.198583
693.198567
694.198583
695.198567
696.198583
697.198567
698.198583
699.198567
700.198583
701.198567
702.198583
703.198567
704.198583
705.198567
706.198583
707.198567
708.198583
709.198600
710.198583
711.198600
712.198583
713.198600
714.198583
715.198600
716.198583
717.198600
718.198583
719.198600
720.198583
721.198600
722.198583
723.198600
724.198583
725.198600
726.198583
727.198600
728.198617
729.198600
730.198617
731.198600
732.198617
733.198600
734.198617
735.198600
736.198617
737.198600
738.198617
739.198600
740.198617
741.198600
742.198617
743.198600
744.198617
745.198600
746.198617
747.198633
748.198617
749.198633
750.198617
751.198633
752.198617
753.198633
754.198617
755.198633
756.198617
757.198633
758.198617
759.198633
760.198617
761.198633
762.198617
763.198633
764.198617
765.198633
766.198650
767.198633
768.198650
769.198633
770.198650
771.198633
772.198650
773.198633
774.198650
775.198633
776.198650
777.198633
778.198650
779.198633
780.198650
781.198633
782.198650
783.198633
784.198650
785.198667
786.198650
787.198667
788.198650
789.198667
790.198650
791.198667
792.198650
793.198667
794.198650
795.198667
796.198650
797.198667
798.198650
799.198667
800.198650
801.198667
802.198650
803.198667
804.198683
805.198667
806.198683
807.198667
808.198683
809.198667
810.198683
811.198667
812.198683
813.198667
814.198683
815.198667
816.198683
817.198667
818.198683
819.198667
820.198683
821.198667
822.198683
823.198700
824.198683
825.198700
826.198683
827.198700
828.198683
829.198700
830.198683
831.198700
832.198683
833.198700
834.198683
835.198700
836.198683
837.198700
838.198683
839.198700
840.198683
841.198700
842.198717
843.198700
844.198717
845.198700
846.198717
847.198700
848.198717
849.198700
850.198717
851.198700
852.198717
853.198700
854.198717
855.198700
856.198717
857.198700
858.198717
859.198733
860.198717
861.198733
862.198717
863.198733
864.198717
865.198733
866.198717
867.198733
868.198717
869.198733
870.198717
871.198733
872.198717
873.198733
874.198717
875.198733
876.198717
877.198733
878.198750
879.198733
880.198750
881.198733
882.198750
883.198733
884.198750
885.198733
886.198750
887.198733
888.198750
889.198733
890.198750
891.198733
892.198750
893.198733
894.198750
895.198767
896.198750
897.198767
898.198750
899.198767
900.198750
901.198767
902.198750
903.198767
904.198750
905.198767
906.198750
907.198767
908.198750
909.198767
910.198750
911.198767
912.198783
913.198767
914.198783
915.198767
916.198783
917.198767
918.198783
919.198767
920.198783
921.198767
922.198783
923.198767
924.198783
925.198767
926.198783
927.198767
928.198783
929.198800
930.198783
931.198800
932.198783
933.198800
934.198783
935.198800
936.198783
937.198800
938.198783
939.198800
940.198783
941.198800
942.198783
943.198800
944.198783
945.198800
946.198783
947.198800
948.198817
949.198800
950.198817
951.198800
952.198817
953.198800
954.198817
955.198800
956.198817
957.198800
958.198817
959.198800
960.198817
961.198800
962.198817
963.198800
964.198817
965.198833
966.198817
967.198833
968.198817
969.198833
970.198817
971.198833
972.198817
973.198833
974.198817
975.198833
976.198817
977.198833
978.198817
979.198833
980.198817
981.198833
982.198817
983.198833
984.198850
985.198833
986.198850
987.198833
988.198850
989.198833
990.198850
991.198833
992.198850
993.198833
994.198850
995.198833
996.198850
997.198833
998.198850
999.198833
1000.198850
1001.198833
1002.198850
1003.198867
1004.198850
1005.198867
1006.198850
1007.198867
1008.198850
1009.198867
1010.198850
1011.198867
1012.198850
1013.198867
1014.198850
1015.198867
1016.198850
1017.198867
1018.198850
1019.198867
1020.198883
1021.198867
1022.198883
1023.198867
1024.198883
1025.198867
1026.198883
1027.198867
1028.198883
1029.198867
1030.198883
1031.198867
1032.198883
1033.198867
1034.198883
1035.198867
1036.198883
1037.198867
1038.198883
1039.198900
1040.198883
1041.198900
1042.198883
1043.198900
1044.198883
1045.198900
1046.198883
1047.198900
1048.198883
1049.198900
1050.198883
1051.198900
1052.198883
1053.198900
1054.198883
1055.198900
1056.198883
1057.198900
1058.198917
1059.198900
1060.198917
1061.198900
1062.198917
1063.198900
1064.198917
1065.198900
1066.198917
1067.198900
1068.198917
1069.198900
1070.198917
1071.198900
1072.198917
1073.198900
1074.198917
1075.198933
1076.198917
1077.198933
1078.198917
1079.198933
1080.198917
1081.198933
1082.198917
1083.198933
1084.198917
1085.198933
1086.198917
1087.198933
1088.198917
1089.198933
1090.198917
1091.198933
1092.198917
1093.198933
1094.198917
1095.198933
1096.198950
1097.198933
1098.198950
1099.198933
1100.198950
1101.198933
1102.198950
1103.198933
1104.198950
1105.198933
1106.198950
1107.198933
1108.198950
1109.198933
1110.198950
1111.198933
1112.198950
1113.198933
1114.198950
1115.198967
1116.198950
1117.198967
1118.198950
1119.198967
1120.198950
1121.198967
1122.198950
1123.198967
1124.198950
1125.198967
1126.198950
1127.198967
1128.198950
1129.198967
1130.198950
1131.198967
1132.198950
1133.198967
1134.198983
1135.198967
1136.198983
1137.198967
1138.198983
1139.198967
1140.198983
1141.198967
1142.198983
1143.198967
1144.198983
1145.198967
1146.198983
1147.198967
1148.198983
1149.198967
1150.198983
1151.198967
1152.198983
1153.198967
1154.198983
1155.199000
1156.198983
1157.199000
1158.198983
1159.199000
1160.198983
1161.199000
1162.198983
1163.199000
1164.198983
1165.199000
1166.198983
1167.199000
1168.198983
1169.199000
1170.198983
1171.199000
1172.198983
1173.199000
1174.198983
1175.199000
1176.199017
1177.199000
1178.199017
1179.199000
1180.199017
1181.199000
1182.199017
1183.199000
1184.199017
1185.199000
1186.199017
1187.199000
1188.199017
1189.199000
1190.199017
1191.199000
1192.199017
1193.199000
1194.199017
1195.199000
1196.199017
1197.199033
1198.199017
1199.199033
1200.199017
1201.199033
1202.199017
1203.199033
1204.199017
1205.199033
1206.199017
1207.199033
1208.199017
1209.199033
1210.199017
1211.199033
1212.199017
1213.199033
1214.199017
1215.199033
1216.199050
1217.199033
1218.199050
1219.199033
1220.199050
1221.199033
1222.199050
1223.199033
1224.199050
1225.199033
1226.199050
1227.199033
1228.199050
1229.199033
1230.199050
1231.199033
1232.199050
1233.199033
1234.199050
1235.199033
1236.199050
1237.199067
1238.199050
1239.199067
1240.199050
1241.199067
1242.199050
1243.199067
1244.199050
1245.199067
1246.199050
1247.199067
1248.199050
1249.199067
1250.199050
1251.199067
1252.199050
1253.199067
1254.199050
1255.199067
1256.199083
1257.199067
1258.199083
1259.199067
1260.199083
1261.199067
1262.199083
1263.199067
1264.199083
1265.199067
1266.199083
1267.199067
1268.199083
1269.199067
1270.199083
1271.199067
1272.199083
1273.199067
1274.199083
1275.199067
1276.199083
1277.199100
1278.199083
1279.199100
1280.199083
1281.199100
1282.199083
1283.199100
1284.199083
1285.199100
1286.199083
1287.199100
1288.199083
1289.199100
1290.199083
1291.199100
1292.199083
1293.199100
1294.199083
1295.199100
1296.199083
1297.199100
1298.199117
1299.199100
1300.199117
1301.199100
1302.199117
1303.199100
1304.199117
1305.199100
1306.199117
1307.199100
1308.199117
1309.199100
1310.199117
1311.199100
1312.199117
1313.199100
1314.199117
1315.199100
1316.199117
1317.199100
1318.199117
1319.199133
1320.199117
1321.199133
1322.199117
1323.199133
1324.199117
1325.199133
1326.199117
1327.199133
1328.199117
1329.199133
1330.199117
1331.199133
1332.199117
1333.199133
1334.199117
1335.199133
1336.199117
1337.199133
1338.199117
1339.199133
1340.199150
1341.199133
1342.199150
1343.199133
1344.199150
1345.199133
1346.199150
1347.199133
1348.199150
1349.199133
1350.199150
1351.199133
1352.199150
1353.199133
1354.199150
1355.199133
1356.199150
1357.199133
1358.199150
1359.199133
1360.199150
1361.199167
1362.199150
1363.199167
1364.199150
1365.199167
1366.199150
1367.199167
1368.199150
1369.199167
1370.199150
1371.199167
1372.199150
1373.199167
1374.199150
1375.199167
1376.199150
1377.199167
1378.199150
1379.199167
1380.199150
1381.199167
1382.199183
1383.199167
1384.199183
1385.199167
1386.199183
1387.199167
1388.199183
1389.199167
1390.199183
1391.199167
1392.199183
1393.199167
1394.199183
1395.199167
1396.199183
1397.199167
1398.199183
1399.199167
1400.199183
1401.199167
1402.199183
1403.199200
1404.199183
1405.199200
1406.199183
1407.199200
1408.199183
1409.199200
1410.199183
1411.199200
1412.199183
1413.199200
1414.199183
1415.199200
1416.199183
1417.199200
1418.199183
1419.199200
1420.199183
1421.199200
1422.199183
1423.199200
1424.199217
1425.199200
1426.199217
1427.199200
1428.199217
1429.199200
1430.199217
1431.199200
1432.199217
1433.199200
1434.199217
1435.199200
1436.199217
1437.199200
1438.199217
1439.199200
1440.199217
1441.199200
1442.199217
1443.199200
1444.199217
1445.199233
1446.199217
1447.199233
1448.199217
1449.199233
1450.199217
1451.199233
1452.199217
1453.199233
1454.199217
1455.199233
1456.199217
1457.199233
1458.199217
1459.199233
1460.199217
1461.199233
1462.199217
1463.199233
1464.199217
1465.199233
1466.199250
1467.199233
1468.199250
1469.199233
1470.199250
1471.199233
1472.199250
1473.199233
1474.199250
1475.199233
1476.199250
1477.199233
1478.199250
1479.199233
1480.199250
1481.199233
1482.199250
1483.199233
1484.199250
1485.199233
1486.199250
1487.199267
1488.199250
1489.199267
1490.199250
1491.199267
1492.199250
1493.199267
1494.199250
1495.199267
1496.199250
1497.199267
1498.199250
1499.199267
1500.199250
1501.199267
1502.199250
1503.199267
1504.199250
1505.199267
1506.199250
1507.199267
1508.199283
1509.199267
1510.199283
1511.199267
1512.199283
1513.199267
1514.199283
1515.199267
1516.199283
1517.199267
1518.199283
1519.199267
1520.199283
1521.199267
1522.199283
1523.199267
1524.199283
1525.199267
1526.199283
1527.199267
1528.199283
1529.199300
1530.199283
1531.199300
1532.199283
1533.199300
1534.199283
1535.199300
1536.199283
1537.199300
1538.199283
1539.199300
1540.199283
1541.199300
1542.199283
1543.199300
1544.199283
1545.199300
1546.199283
1547.199300
1548.199283
1549.199300
1550.199317
1551.199300
1552.199317
1553.199300
1554.199317
1555.199300
1556.199317
1557.199300
1558.199317
1559.199300
1560.199317
1561.199300
1562.199317
1563.199300
1564.199317
1565.199300
1566.199317
1567.199300
1568.199317
1569.199300
1570.199317
1571.199333
1572.199317
1573.199333
1574.199317
1575.199333
1576.199317
1577.199333
1578.199317
1579.199333
1580.199317
1581.199333
1582.199317
1583.199333
1584.199317
1585.199333
1586.199317
1587.199333
1588.199317
1589.199333
1590.199317
1591.199333
1592.199350
1593.199333
1594.199350
1595.199333
1596.199350
1597.199333
1598.199350
1599.199333
1600.199350
1601.199333
1602.199350
1603.199333
1604.199350
1605.199333
1606.199350
1607.199333
1608.199350
1609.199333
1610.199350
1611.199333
1612.199350
1613.199367
1614.199350
1615.199367
1616.199350
1617.199367
1618.199350
1619.199367
1620.199350
1621.199367
1622.199350
1623.199367
1624.199350
1625.199367
1626.199350
1627.199367
1628.199350
1629.199367
1630.199350
1631.199367
1632.199350
1633.199367
1634.199383
1635.199367
1636.199383
1637.199367
1638.199383
1639.199367
1640.199383
1641.199367
1642.199383
1643.199367
1644.199383
1645.199367
1646.199383
1647.199367
1648.199383
1649.199367
1650.199383
1651.199367
1652.199383
1653.199367
1654.199383
1655.199400
1656.199383
1657.199400
1658.199383
1659.199400
1660.199383
1661.199400
1662.199383
1663.199400
1664.199383
1665.199400
1666.199383
1667.199400
1668.199383
1669.199400
1670.199383
1671.199400
1672.199383
1673.199400
1674.199383
1675.199400
1676.199417
1677.199400
1678.199417
1679.199400
1680.199417
1681.199400
1682.199417
1683.199400
1684.199417
1685.199400
1686.199417
1687.199400
1688.199417
1689.199400
1690.199417
1691.199400
1692.199417
1693.199400
1694.199417
1695.199400
1696.199417
1697.199433
1698.199417
1699.199433
1700.199417
1701.199433
1702.199417
1703.199433
1704.199417
1705.199433
1706.199417
1707.199433
1708.199417
1709.199433
1710.199417
1711.199433
1712.199417
1713.199433
1714.199417
1715.199433
1716.199417
1717.199433
1718.199450
1719.199433
1720.199450
1721.199433
1722.199450
1723.199433
1724.199450
1725.199433
1726.199450
1727.199433
1728.199450
1729.199433
1730.199450
1731.199433
1732.199450
1733.199433
1734.199450
1735.199433
1736.199450
1737.199433
1738.199450
1739.199467
1740.199450
1741.199467
1742.199450
1743.199467
1744.199450
1745.199467
1746.199450
1747.199467
1748.199450
1749.199467
1750.199450
1751.199467
1752.199450
1753.199467
1754.199450
1755.199467
1756.199450
1757.199467
1758.199450
1759.199467
1760.199450
1761.199467
1762.199483
1763.199467
1764.199483
1765.199467
1766.199483
1767.199467
1768.199483
1769.199467
1770.199483
1771.199467
1772.199483
1773.199467
1774.199483
1775.199467
1776.199483
1777.199467
1778.199483
1779.199467
1780.199483
1781.199467
1782.199483
1783.199500
1784.199483
1785.199500
1786.199483
1787.199500
1788.199483
1789.199500
1790.199483
1791.199500
1792.199483
1793.199500
1794.199483
1795.199500
1796.199483
1797.199500
1798.199483
1799.199500
1800.199483
1801.199500
1802.199483
1803.199500
1804.199517
1805.199500
1806.199517
1807.199500
1808.199517
1809.199500
1810.199517
1811.199500
1812.199517
1813.199500
1814.199517
1815.199500
1816.199517
1817.199500
1818.199517
1819.199500
1820.199517
1821.199500
1822.199517
1823.199500
1824.199517
1825.199533
1826.199517
1827.199533
1828.199517
1829.199533
1830.199517
1831.199533
1832.199517
1833.199533
1834.199517
1835.199533
1836.199517
1837.199533
1838.199517
1839.199533
1840.199517
1841.199533
1842.199517
1843.199533
1844.199517
1845.199533
1846.199517
1847.199533
1848.199550
1849.199533
1850.199550
1851.199533
1852.199550
1853.199533
1854.199550
1855.199533
1856.199550
1857.199533
1858.199550
1859.199533
1860.199550
1861.199533
1862.199550
1863.199533
1864.199550
1865.199533
1866.199550
1867.199533
1868.199550
1869.199533
1870.199550
1871.199567
1872.199550
1873.199567
1874.199550
1875.199567
1876.199550
1877.199567
1878.199550
1879.199567
1880.199550
1881.199567
1882.199550
1883.199567
1884.199550
1885.199567
1886.199550
1887.199567
1888.199550
1889.199567
1890.199550
1891.199567
1892.199583
1893.199567
1894.199583
1895.199567
1896.199583
1897.199567
1898.199583
1899.199567
1900.199583
1901.199567
1902.199583
1903.199567
1904.199583
1905.199567
1906.199583
1907.199567
1908.199583
1909.199567
1910.199583
1911.199567
1912.199583
1913.199567
1914.199583
1915.199600
1916.199583
1917.199600
1918.199583
1919.199600
1920.199583
1921.199600
1922.199583
1923.199600
1924.199583
1925.199600
1926.199583
1927.199600
1928.199583
1929.199600
1930.199583
1931.199600
1932.199583
1933.199600
1934.199583
1935.199600
1936.199617
1937.199600
1938.199617
1939.199600
1940.199617
1941.199600
1942.199617
1943.199600
1944.199617
1945.199600
1946.199617
1947.199600
1948.199617
1949.199600
1950.199617
1951.199600
1952.199617
